4
                            "IMPERIAL VALLEY EARTHQUAKE - EL CENTRO"
"MAY 18, 1940, 20:37 PST"
"CORRECTED ACCELEROGRAM, 270 DEGREES, CALTECH IIA001"   
"SOURCE: NISEE, U.C. BERKELEY, CALIFORNIA"
2688 0.02 8 MM
1344 0.04 8 CM        
 538 0.10 8 CM                        
2688 POINTS OF ACCEL DATA EQUALLY SPACED AT 0.02 SEC. (UNITS: MM/SEC/SEC)                
       -14      -108      -101       -88       -95      -120      -142      -128
      -110       -85       -85      -131      -176      -194      -162      -144
      -108       -82       -42       -66      -131      -190      -196       -66
        30       141       -49      -128      -144      -203      -260      -325
      -306      -172      -197      -163      -164       -67        25       150
       236       252       336       463       492       419       359       271
       235       339       412       530       639       732       652       599
       400       400        63      -515      -787      -603      -484      -250
       -59       134       308       499       710       995      1219      1529
      1449      1155       935       892       926       839       901       993
      1209       328     -1475     -2066     -1989     -2034     -1816     -1725
     -1752     -1753     -1805     -1630     -1347     -1087      -782      -429
       -17       360       785      1164      1598      1960      2412      2729
      3036      3200      3417      2821      2324     -1198     -2373     -1640
     -1865     -1095      -753      -173       113       533       895      1186
      1757       576     -2631     -1547     -1729     -1012      -579       237
      -670     -1980     -1641     -1685     -1481     -1231     -1001      -751
      -523      -271       -44       188       -95      -433      -838      -951
      -716      -599      -334      -108       185       420       673       -97
      -372       -40        11       344       565       883      1130      1363
       219       241       683       689      1318      1353      2040      -931
     -1308      -692      -546        72       675     -1067     -1488     -1071
     -1162      -762      -559      -215      -126      -674      -324      -337
      -109        17       299       488       608       222       -32      -245
        77       211       568       826      1206      1478      1737       421
        29       259       293       -55      -147       143       206       499
       645       957      1128      1447      1629      1945      1856      1984
      1769      1250     -1207      -542      -384      -311     -1118     -1661
     -2464     -2025     -1835     -1317      -960      -325       154       816
      1319      1818       -58      -169       285       447       983      1424
      1853      2456      1685     -1380      -999     -1089      -907      -469
     -1250     -2111     -1617     -1692     -1306     -1111      -773      -510
      -544     -1200     -1209     -1158     -1145      -717      -546        64
      -804     -1634      -859      -961      -396      -147       319       648
       876       472       198       -27       292       445       785      1033
      1352      1606      1861      1281       640       204       314       373
       496       235       -84      -168      -113      -229      -248      -157
       -69       147       379       579       255       -41      -428      -133
        95       230      -129       -50        80       210       380       510
       157       -32      -111         5        76        35       -95       -36
       -16        38        85       -56      -304      -421      -244      -236
      -177      -129       -18       203      -108       -91       -34      -106
      -111       -99        -2        73       235       355       705       779
       184      -263      -124       -42       159        48      -219      -467
      -428      -216       -43       159       320       419       123      -160
      -204       -82      -206      -137       -55        53       134       266
       232        79        -8       200       435       492       191        92
       -22       -21        52        93       255       368       525       541
       425       398       559       756       365       411        98      -204
      -249      -405      -413      -471      -433      -458       -57       178
      -208      -492      -530      -362      -405      -308      -316      -265
      -265      -269      -345      -309      -217       -78        87       281
       310       358       341       358       287       305       112       214
       136       384      -861     -1349     -1342     -1354     -1193     -1042
      -829      -651      -444      -258       -60       -91      -182      -147
        85       163        50       264       582       867      1200      1695
      1111     -1100      -366      -445      -236      -960      -656      -597
      -670      -552       -27       378      1072      1669       947       408
       667       132       -95      -520      -827     -1152     -1150      -803
      -369        29       545      1178      1610      -270        34       -56
        20       146       537       798      -205      -590      -169      -175
       -28        74       382       567       753       801       592       304
        23        64      -406      -451       -79       168       567        93
       -55        44      -123      -282      -437      -352      -255      -111
       205       519       854      1144       733       237      -368      -271
      -217      -873      -973      -589      -336        77       259       508
       361        81       -56      -209      -317      -238      -376      -550
      -722      -803      -523      -340       -11        65       -37        -5
      -168      -410       -80        79       374       615       665       254
       -57      -474      -356      -243       -48       126       379       241
      -227      -428      -679      -661      -590      -513      -408      -309
      -266      -541      -628      -908     -1107      -881      -770      -582
      -473      -333      -199        20       211       432       613       767
       933      1066      1130      1187      1247      1334      1594      1797
      2037      1236       442      -140      -666      -555      -693      -984
     -1246     -1179     -1050      -920      -743      -809      -850      -860
      -863      -873      -868      -885      -537        52       215       245
       580       314       236       485       589       525       355       197
       199       492       343       288       432       239        88        77
      -148       -77       -19        75        44      -145      -316      -241
       -28       182       426       439       512       466       479       193
       222       274       393       504       577       588       822       797
       949       345        45      -123      -347      -426      -416      -275
      -270        74       428      -231      -387       -83       139       445
        27      -697      -796      -251      -135        79      -115      -251
      -333      -269      -301      -200       -67       -38       105       296
       344       957       898       179      -362      -994      -807      -744
      -539      -330      -128        31       148       508       -22      -489
      -358      -691      -516      -371        88       632       841      1276
      1388      1193       751       225       -88      -227        74       181
       544       399        45       -82      -185       -20         6      -117
      -210      -303      -512      -727      -579      -266      -178        40
        98       137       221       437        91      -548      -555      -243
       -81       250       410       182       -27      -243       -15       247
       482       783       622       331       -14      -195      -247      -212
      -110        50       241       -34      -216      -471      -363      -195
       -18       170       -80         5       230       374       601       516
       432       344       505       653       683       172      -170      -527
      -664      -387      -222       -33       119      -128      -351      -514
      -335      -218       -12       142        70       -63      -120      -322
      -346       -91        73       309       472       603       576       330
       -73      -777      -608      -438      -209        31       350       293
       121       338       317       254       206       198       174        21
      -144      -343      -339      -145       -28       170       -96      -255
      -279      -388      -242      -215      -182      -174       -38       -27
      -185      -123        87       343       695       910       853       760
       513       186        15      -190      -151       -73        21       129
       215        24      -124      -329      -519      -708      -579      -462
      -307      -145        -9      -180      -318      -465      -391      -345
      -316      -435      -491      -475      -420      -361      -277      -258
      -139       -68       507       722       878       782       765       439
        80        13      -126       -15        30       104       104       193
       205        74       -56       -72        70       106       147        -9
      -159      -187        -7       155       105      -115      -302      -309
       -95       -58         4        20        50        57        97       134
       177       218       261       302       346       386       474       393
       238       115       -79      -124        54        27      -250      -566
      -630      -591      -413       -68       272       277       -21       -60
      -110      -221      -416      -519      -222        30        79       139
       171       253       323       391       164      -136      -323      -291
      -287      -304      -339      -245       -76       125       376       402
       245       156       -40      -153      -289      -316      -111        94
       335       576       424       143        -7      -135      -270      -341
      -357      -396      -402      -488      -480      -406      -407      -351
      -187       -57        44       -19       -72      -169      -115       126
       358       654       716       762       739       628       484       264
       -44      -288      -384      -492      -428      -416      -276       -52
       237       426       604       452       284       126       -54      -275
      -423      -175         1       254       481       641       554       413
       184       -48      -303      -531      -708      -928      -863      -631
      -376        87       309       589       614       385       351       311
       246        19      -198      -158       -15        99       286       408
       563       531       314       165       -24      -189      -276      -371
      -450      -534      -483      -379      -296      -196      -184      -159
      -119       -53         2        59       -23      -112      -205      -322
      -388      -341      -287      -328      -407      -487      -563      -644
      -555      -446        -8       253       411       644       579       474
       384       385       340       357         8      -254      -460      -471
      -222       -65       164       355       504       371       280       158
        41       -27        21        44        99       135        94        58
        22       -31       -31         4       -25      -124      -235      -406
      -530      -701      -323       -52        94       328       478       509
       358       342       306       285       263       168        -5      -212
      -365      -310      -297      -280      -237      -266      -308      -366
      -357      -308      -193        19       196       160       129       140
       110       108        92        89        19      -131      -247      -436
      -432      -300      -192       -48        97       168       148       173
        78       -58      -215      -234        60       262       269        84
       -41      -227       -76        31       182       310       479       459
       166       -58      -396      -444      -241      -101       217       261
       121         8      -168      -382      -566      -781      -619      -256
        44       456       783      1103       953       489       122      -387
      -846     -1226      -864      -616      -228       150       477       323
       248        95       227       338       505       594       519       552
       595       617       593       466       158       -77      -230      -303
      -329      -364      -490      -660      -723      -784      -846      -566
      -209       128       381       488       363       250       158       377
       594       630       370       217        40        23       -62      -286
      -380      -457      -505      -777      -628      -189       189       509
       744       749       562       455       525       635       731       851
       927       975       929       814       264      -289      -901     -1364
      -859      -468        81       594       823       556       301       -11
      -380      -347       -20       180       633      1013      1122      1107
       940       805       608       508       206      -201      -572     -1021
     -1332     -1225     -1207     -1006      -762      -548      -489      -405
      -291      -176      -141       -98       -50        19        80        35
       -29       -61       -34       -13        76       205       327       450
       577       562       464       300       107        -4       -33       -69
      -101      -201      -188        25       134       243       266       265
       155       -19       -95      -216      -167      -120       -64      -129
      -163      -193      -242      -236      -175      -124      -185      -265
      -323      -336      -454      -430      -334      -213       -69        30
         3       -93       -89      -150      -164      -238      -323      -421
      -457      -397      -349      -258      -172       -20       156       284
       362       354       269       101       -45      -125      -245      -229
      -126       -68        18        93       200       286       365       311
       181        24      -156      -319      -219      -118        15       153
       298       243       136       102        24       -10       -23       -36
       -48       -89      -155      -148       -76         0       -20      -148
      -225      -374      -365      -251      -164       -14       153       302
       393       406       385       329       183       125        70        -1
       -68      -130      -128      -115      -102       -84      -141      -205
      -269      -350      -359      -297      -227        18        99       203
       256       199       160       107       156       198       242       141
        55       -66       -97       -26        16       100        94        39
         0       -66       -99      -109      -115      -131      -168      -199
      -104       -10        55       129       200       199       169       143
       109       128       152       137       117        97        60       -28
       -50       -84      -178      -321      -420      -518      -472      -394
      -290      -110        50       132       157       177       195       255
       331       328       252       173        45       -85      -190      -229
      -304      -277      -227      -174      -121      -126      -129       -80
       -26        39        65        55        50        64       126       179
       243       307       298       251       216       163       192       234
       282       301       196       106       -39      -163      -322      -335
      -219      -148       -10        11       -53      -101      -126      -143
      -129      -104       -71       -18        33        85       158       239
       319       341       318       213        73         9       -15       -47
       -75      -121      -156      -116       -56        -6        -3        -3
        14        46        72        86        98       124       147       172
       200       256       317       287       231       105        -1       -11
       -36       -53       -83       -52        -7        37        96       155
       205       143        73        21       -22       -70      -100       -75
       -54       -29       -15         0        -1        -6       -11       -10
        -3         1        16        53        86       126       154       131
       102        56         6       -40       -98       -96       -46        -7
        31        45        68        52        45        18        -2       -29
       -28       -17        -6        -5       -17       -22       -36       -32
        -7        14        41        65        63        52         6       -45
       -76       -64       -65      -107      -161      -174      -117       -70
       -36       -25        -2         4        36        82       115        70
        38       -10       -25       -34       -41       -45       -65      -120
      -117      -108       -98       -81       -76      -110      -138      -166
      -144      -130      -111      -108       -98       -98       -63        -2
        54       110       152       197       170       140       103        64
        10       -67      -105      -122      -138      -166      -215      -269
      -274      -217      -178      -116       -61         0        54        99
       144       187       232       262       255       227       171       127
        54       -47      -149      -210      -254      -252      -245      -226
      -179      -136       -82       -14        44        89        97       100
       100       104       136       121       100        72        19       -28
       -83      -131      -190      -194      -139      -100       -44       -44
       -40       -45       -49       -39       -21       -22       -16       -16
       -12       -12        28        68       115        96        56        17
       -31       -78       -92       -92       -95       -92       -86       -52
       -22        14        38        34        34        29        40        54
        67        85        87        77        70        61        75        87
       102       111        90        75        53        62        79        97
       118       135       105        77        44        12       -21       -42
       -68       -87      -120      -159      -198      -233      -258      -270
      -278      -287      -278      -270      -258      -251      -219      -173
      -129      -109      -105       -95       -91       -72       -59       -40
       -23        18        35        42        48        43        43        38
        36        32        47        63        85       110       134       160
       181       173       168       159       147       108        68        32
         9        19        28        40        54        69        95       117
       143       143       125       122       124       126       130       133
       106        79        46        20         5       -11       -25       -11
        18        43        76       103       133       101        62        18
       -27       -80       -89       -54       -30         6        12        22
        27        32        48        69        89       112       133       140
       137       140       135       139       102        30       -32       -63
       -85      -112      -157      -197      -188      -182      -170      -156
      -142      -129      -125      -120      -116      -114      -106       -64
       -21         2        -4        -4       -14       -19        -8        11
        27        50        53        42        30        11        -5       -24
       -20        -7         4        19        33        48        57        65
        74        81        91       127       169       144       105        70
        35         2       -32       -64       -95       -91       -83       -73
       -51       -30        -4        33        52        44        40        30
        20        10         1       -10       -14         2        16        30
        23        16        16        26        32        45        46        21
        -3       -30       -60       -87      -116      -107       -94       -78
       -68       -63       -57       -50       -41       -33       -24       -14
        -5         4        13        21         1       -18       -40       -64
       -87      -110      -129      -151      -165      -174      -184      -194
      -202      -213      -198      -173      -135       -65       -14        20
        55        82        89       102        93        80        61        33
         3       -24       -57       -45       -13        13        33        48
        54        58        62        65        69        72        75        77
        73        69        64        58        54        48        61        79
        96       114       126       139       131       123       114       103
        87        72        56        40        24         7         4         8
         9        23        42        52        61        72        79        89
        95        95        93        89        25         0        -5       -20
       -24       -33       -48       -64       -80       -97      -114      -128
      -106       -89       -66       -43       -19       -11        -9        -5
        -4         5        14        24        35        43        44        39
        13        -8       -36       -47       -55       -62       -68       -73
       -80       -75       -64       -28         5        46        65        60
        60        54        49        44        39        29         0       -26
       -52       -42       -37       -25       -15        -2         2         0
        -1        -4        -7        -6        -1         3         7        -1
        -7       -15       -24       -29       -28       -28       -25       -24
       -21       -27       -44       -58       -76       -84       -82       -83
       -75       -50       -28        -2        18        18        21        21
        21        31        43        49        49        49        48        47
        52        67        79        95        97        96        96        93
        91        89        87        84        82        80        77        62
        47        35        36        34        35        36        32        19
        15        14        12        12        11         0       -10       -20
       -25       -29       -33       -37       -48       -63       -77       -92
      -107      -122      -138      -143      -120      -103       -78       -67
       -63       -58       -56       -53       -50       -48       -45       -42
       -39       -31       -26       -11        10        31        46        48
        54        55        63        84       101        84        71        53
        33        28        29        28        27        12        -1       -10
       -11       -16       -15       -31       -68       -99      -102      -105
      -106       -99       -89       -79       -74       -72       -68       -67
       -63       -40       -13        13        43        71        99        86
        63        41        13       -14       -35       -37       -44       -46
       -49       -51       -54       -56       -58       -46       -29       -13
         7        17        19        25        25        35        50        64
        80        94        97       102       105       108       110       104
        99        93        86        79        72        63        55        46
        38        31        27        21        17        12         7         3
         8        13        19        22         9        -3       -17       -31
       -47       -53       -48       -43       -38       -25        -9         7
        17        22        35        61        83       112       107        87
        71        47        27         4       -16       -24       -33       -46
       -69       -84       -88       -93       -95       -97       -99      -101
      -102       -98       -95       -90       -87       -89       -91       -93
       -96       -97       -88       -81       -71       -68       -68       -67
       -67       -66       -66       -64       -56       -50       -43       -34
       -23       -13        -2        10        17         9         3        -5
       -14        -7         6        16        13        12         8         5
         0         2         9        14        21        22        10         0
       -12       -24       -24       -19       -16       -18       -22       -27
       -30       -26       -22       -22       -32       -41       -51       -46
       -43       -38       -32       -26       -20       -19       -18       -15
        13        41        67        70        76        78        80        81
        84        78        61        48        31        29        30        32
        35        37        24         7        -8       -28       -35       -22
       -13         1         3         1        -1        -5        -8       -11
       -15       -12        -8        -4         1         5         8         8
         9        10        22        33        46        59        72        79
        62        50        32        16        -4         0        30        52
        87        82        31        -2       -62       -28        58       130
       221       185        94        91        77        90        16       -84
      -200      -148        -7       107        99        48         3       -69
      -107       -15        69       138        67        20        35        90
        86        52        24        16        13       -11       -34       -67
       -54       -20        14        48        97        58       -48      -119
       -95       -60       -24        32        38        14        -1        -7
         6        10        24        13         4        -8       -27       -55
       -84       -93       -61       -36        -2        33        37       -14
       -45      -103       -77       -23        31        41        26        13
        15        61        73        74        76        73        71        57
        38        21        -2       -33       -64       -68       -51       -54
       -54       -57       -33         0        33        70        96        85
        80        68        75        77        85        61        37         7
        -1         4         5       -10       -29       -46       -69       -65
       -44       -28        -7       -23       -33       -51       -60       -56
       -54       -50       -66       -91      -114      -140      -138      -140
      -121       -96       -74       -46       -34       -42       -45       -55
       -63       -72       -80       -73       -52       -37       -26       -14
1344 POINTS OF VELOC DATA EQUALLY SPACED AT 0.04 SEC. (UNITS: CM/SEC)                        
    -4.664    -4.996    -5.370    -5.848    -6.357    -6.724    -7.247    -7.973
    -8.532    -8.846    -9.150    -9.857   -10.153    -9.890   -10.339   -11.149
   -12.365   -13.213   -13.900   -14.173   -13.612   -12.535   -10.780    -9.092
    -7.956    -6.630    -4.520    -1.765     0.485     1.747    -0.007    -2.485
    -3.529    -3.012    -0.996     2.922     8.648    13.342    16.987    20.493
    24.588    24.977    17.380     9.505     2.486    -4.577   -10.988   -15.291
   -16.948   -15.460   -10.750    -2.819     8.087    20.939    32.323    29.878
    22.360    17.552    16.566    18.640    23.663    23.941    16.487    12.156
    11.381     5.108    -1.385    -6.331    -9.357   -10.465   -10.228   -12.026
   -15.482   -17.730   -18.096   -16.400   -16.293   -16.734   -15.470   -12.009
    -7.935    -6.552    -3.174     2.889     1.760    -1.477    -1.206    -4.153
    -8.945   -12.191   -13.306   -15.103   -16.210   -15.985   -14.102   -13.082
   -13.527   -12.461    -9.036    -3.136    -0.528     0.312     0.349     0.694
     2.543     6.230    11.881    19.256    26.848    29.911    27.237    25.113
    18.209     9.860     4.431     2.974     6.080    10.978    10.867    13.029
    18.713    27.162    25.088    21.004    17.910    10.820     4.513     0.211
    -2.126    -6.280   -10.951   -14.075   -15.297   -20.229   -23.407   -23.777
   -21.286   -19.269   -18.832   -16.865   -12.662    -6.236    -1.174     0.186
     1.741     2.623     2.089     1.271     0.641     1.246     3.039     2.785
     2.187     2.614     2.463     3.343     4.901     4.882     4.857     4.908
     4.725     4.872     4.541     3.150     2.258     1.805     2.085     1.760
     1.402     1.091     1.470     3.119     5.567     5.100     5.050     5.087
     3.507     2.603     3.197     4.478     4.077     3.503     2.969     3.154
     4.052     4.434     5.260     6.871     7.224     7.211     7.704     9.220
    11.253    13.033    15.469    16.755    16.195    14.722    12.934    11.529
    11.620     9.898     8.239     6.902     5.790     4.641     3.461     3.175
     4.135     5.502     6.846     7.854     8.531     8.573     3.673    -1.568
    -5.674    -8.250    -9.268    -9.692   -10.083    -9.623    -8.463    -4.946
     0.754    -0.701    -2.194    -5.006    -7.526    -9.327    -7.525    -2.167
     0.264     1.101    -0.862    -5.143    -8.268    -8.034    -3.523    -2.419
    -2.477    -1.629     0.298    -1.257    -1.804    -1.301     0.968     3.915
     5.139     4.884     3.499     4.323     5.021     4.931     3.808     2.414
     2.141     4.238     8.113     8.951     7.824     4.888     2.401     2.477
     4.113     4.580     3.788     2.620     0.421    -2.430    -3.643    -3.561
    -3.776    -4.844    -4.391    -2.121    -1.005    -2.367    -3.256    -2.672
    -2.038    -3.799    -6.389    -8.413    -9.706   -11.682   -15.233   -18.872
   -21.279   -22.616   -22.563   -20.874   -17.794   -13.598    -8.846    -3.337
     3.888     8.840     8.336     5.867     1.961    -2.693    -6.326    -9.539
   -12.973   -16.449   -19.624   -19.842   -18.558   -17.115   -15.320   -13.326
   -12.377   -10.851    -9.500    -8.503    -8.409    -8.731    -8.555    -9.117
    -9.942    -9.181    -7.365    -5.442    -4.354    -3.191    -1.212     1.363
     4.726     6.410     5.861     4.247     3.011     3.317     2.898     2.483
     3.539     1.376    -0.056    -0.149    -1.099    -2.271    -3.039    -3.078
    -2.035     1.120     2.013    -1.145    -3.980    -5.307    -5.224    -4.082
    -5.442    -7.699    -8.869    -6.676    -1.895     2.630     3.743     3.274
     4.256     5.644     5.339     5.120     4.683     3.357     0.813    -0.476
    -0.476     0.117     1.304    -0.256    -1.379    -0.549     0.198    -0.330
     0.632     3.301     4.570     3.921     3.140     3.371     3.328     1.807
     1.037     1.280     1.441     3.020     5.085     6.710     9.204    10.061
     8.173     6.513     6.344     5.856     4.141     3.359     3.700     3.524
     2.413     1.957     3.120     5.375     6.538     4.302     2.608     2.810
     3.868     4.982     6.013     6.790     6.861     5.692     5.035     5.249
     4.363     3.067     2.214     1.646     1.369     1.024     2.492     5.860
     8.747     9.646     9.129     8.854     9.347     9.486     8.186     5.671
     3.862     3.257     2.570     0.930    -0.467    -2.145    -4.005    -5.422
    -6.353    -6.122    -3.292    -0.087     1.635     1.614     1.487     1.829
     2.523     2.820     2.689     3.117     3.088     2.548     2.956     2.530
     1.514     1.308     1.402     1.664     2.207     3.082     4.293     5.885
     7.383     7.771     7.498     7.356     5.345     3.119     2.840     3.644
     3.393     2.424     0.748     0.663     1.190     2.191     3.459     3.029
     1.836     0.602    -0.303     0.246     1.671     2.188     1.553     0.520
     0.932     2.843     3.546     3.000     1.690     0.138    -1.720    -3.418
    -4.713    -4.971    -5.037    -5.562    -5.066    -2.684     0.295     2.774
     3.741     2.736     0.938    -0.598    -0.741     0.951     2.743     3.225
     2.198     1.428     2.418     4.737     6.301     6.085     4.010     0.582
    -1.919    -1.813     0.289     2.023     3.242     3.328     2.799     3.268
     4.933     6.870     7.489     6.810     5.343     3.341     1.805     0.931
     0.310     0.086     0.182    -0.270    -1.506    -2.863    -4.213    -6.157
    -8.563   -10.017    -9.109    -6.831    -4.921    -3.426    -2.365    -3.326
    -4.949    -5.137    -3.761    -2.236    -1.599    -1.590    -1.382    -0.920
    -0.688    -0.758    -0.806    -1.314    -2.891    -5.146    -5.480    -4.252
    -2.397    -1.049     0.090     0.683    -0.113    -1.396    -2.491    -3.567
    -4.964    -6.130    -6.088    -5.444    -4.926    -4.508    -4.219    -4.708
    -6.259    -7.483    -7.673    -7.093    -6.522    -6.774    -7.396    -6.544
    -6.148    -6.719    -6.551    -5.269    -3.707    -4.054    -5.579    -5.805
    -4.945    -4.977    -6.475    -9.222   -10.310    -8.571    -4.627    -2.573
    -4.072    -8.233   -10.558   -10.008    -8.636    -7.971    -6.564    -4.352
    -2.134     0.289     1.971     1.745     0.579    -0.968    -3.503    -6.639
    -8.826    -8.397    -6.676    -5.657    -4.152    -1.927    -1.083    -1.059
    -2.073    -3.872    -6.558    -7.375    -5.424    -2.621    -0.623     1.903
     5.265     9.071    11.893    10.678     6.189     4.475     6.566     8.804
     8.702     7.607     8.580    12.363    16.639    19.796    21.626    20.859
    16.914    11.925     7.944     5.597     4.007     3.223     2.836     2.905
     3.028     2.844     2.860     3.672     5.476     7.642     8.813     8.880
     8.607     7.917     7.913     8.800     9.752     9.774     9.079     8.606
     8.122     7.331     6.442     5.835     4.798     3.348     1.701     0.872
     0.866     0.594     0.041    -0.922    -2.544    -4.144    -5.182    -5.237
    -4.150    -2.810    -2.385    -2.926    -3.753    -3.997    -3.593    -2.455
    -1.288    -1.214    -2.226    -2.665    -2.047    -1.127    -0.764    -0.783
    -0.925    -1.306    -1.833    -1.929    -2.471    -3.808    -4.838    -4.878
    -3.727    -2.137    -0.911    -0.407    -0.406    -0.861    -1.321    -1.731
    -2.549    -3.877    -5.058    -5.149    -4.388    -3.574    -3.044    -2.249
    -1.669    -1.843    -1.975    -1.665    -1.492    -1.723    -2.155    -2.699
    -3.369    -3.438    -2.926    -2.159    -1.595    -1.077    -0.534    -0.163
    -0.208    -0.605    -1.844    -3.772    -5.322    -5.781    -5.310    -4.603
    -3.566    -2.326    -1.682    -1.996    -2.948    -4.033    -4.728    -5.230
    -5.545    -5.429    -5.203    -4.900    -4.172    -3.017    -2.001    -1.268
    -0.326     0.753     1.123     0.436    -0.774    -1.301    -1.342    -1.724
    -2.265    -2.672    -2.746    -2.383    -1.429    -0.111     0.707     0.784
     0.600     0.128    -0.316    -0.387    -0.382    -0.204     0.138     0.631
     1.322     2.352     3.474     3.913     3.855     3.630     3.435     3.598
     4.210     4.775     4.869     4.606     4.301     4.175     4.159     4.136
     4.102     4.117     4.324     4.817     5.335     5.555     5.384     5.048
     5.020     5.210     5.427     5.506     5.417     5.347     5.313     5.215
     5.108     5.170     5.404     5.577     5.417     5.148     4.708     4.083
     3.790     3.702     3.746     4.061     4.354     4.348     4.215     4.019
     3.596     3.165     2.829     2.396     1.782     1.267     0.842     0.485
     0.473     0.898     1.615     2.167     2.407     2.179     1.692     1.007
    -0.019    -0.906    -1.377    -1.384    -0.988    -0.239     0.771     1.651
     2.129     1.939     1.115     0.112    -0.764    -1.298    -1.364    -1.044
    -0.648    -0.204     0.275     0.537     0.417    -0.119    -0.836    -1.218
    -1.389    -1.569    -1.717    -1.799    -1.860    -1.867    -1.587    -1.225
    -1.167    -1.446    -1.817    -2.181    -2.393    -2.348    -2.207    -2.076
    -1.861    -1.536    -1.225    -0.958    -0.608    -0.194     0.099     0.356
     0.746     1.238     1.542     1.588     1.414     1.052     0.414    -0.509
    -1.586    -2.716    -3.794    -4.772    -5.466    -5.918    -6.304    -6.598
    -6.759    -6.711    -6.545    -6.368    -6.214    -6.067    -5.808    -5.369
    -4.734    -4.039    -3.407    -2.977    -2.835    -2.760    -2.598    -2.310
    -1.838    -1.284    -0.792    -0.285     0.218     0.528     0.619     0.577
     0.549     0.729     1.144     1.540     1.611     1.335     1.107     1.101
     1.183     1.321     1.598     2.043     2.593     3.146     3.660     3.790
     3.546     3.079     2.338     1.615     0.991     0.468    -0.014    -0.465
    -0.721    -0.741    -0.768    -0.829    -0.789    -0.609    -0.442    -0.395
    -0.467    -0.497    -0.421    -0.236     0.025     0.352     0.866     1.428
     1.708     1.715     1.460     1.100     0.820     0.705     0.820     1.000
     1.120     1.161     1.127     1.132     1.230     1.301     1.402     1.570
     1.654     1.531     1.181     0.758     0.440     0.187    -0.013    -0.143
    -0.200    -0.184    -0.129    -0.204    -0.459    -0.895    -1.490    -2.188
    -2.961    -3.785    -4.464    -4.743    -4.661    -4.353    -3.967    -3.653
    -3.523    -3.624    -3.784    -3.737    -3.554    -3.322    -3.060    -2.773
    -2.470    -2.197    -1.963    -1.752    -1.437    -0.987    -0.453     0.039
     0.446     0.733     0.893     0.935     0.964     1.060     1.268     1.552
     1.903     2.281     2.576     2.595     2.526     2.388     2.131     1.741
     1.265     0.915     0.742     0.693     0.670     0.690     0.787     0.951
     1.085     1.046     0.862     0.615     0.321     0.026    -0.089     0.073
     0.318     0.535     0.710     0.807     0.704     0.533     0.430     0.413
     0.415     0.398     0.379     0.391     0.388     0.326     0.217     0.108
     0.013    -0.107    -0.342    -0.668    -0.992    -1.195    -1.211    -1.135
    -1.052    -0.927    -0.736    -0.540    -0.346    -0.081     0.284     0.669
     1.042     1.397     1.735     2.055     2.304     2.457     2.595     2.735
     2.819     2.874     2.922     2.923     2.847     2.731     2.575     2.324
     1.956     1.467     0.922     0.518     0.242     0.006    -0.206    -0.397
    -0.565    -0.692    -0.730    -0.612    -0.417    -0.191     0.142     0.481
     0.692     0.810     0.922     0.972     0.940     0.881     0.735     0.367
    -0.051    -0.444    -0.766    -1.051    -1.317    -1.473    -1.417    -1.133
    -0.798    -0.639    -0.688    -0.841    -1.025    -1.229    -1.453    -1.633
    -1.681    -1.621    -1.528    -1.381    -1.123    -0.758    -0.353     0.078
     0.494     0.864     1.180     1.434     1.619     1.746     1.832     1.880
     1.901     1.955     2.028     2.014     1.887     1.686     1.514     1.417
     1.439     1.535     1.775     2.188     2.540     2.732     2.751     2.654
     2.460     2.134     1.766     1.379     0.975     0.582     0.220    -0.137
    -0.510    -0.889    -1.210    -1.486    -1.753    -2.018    -2.268    -2.468
    -2.603    -2.654    -2.620    -2.582    -2.604    -2.627    -2.576    -2.531
    -2.513    -2.500    -2.442    -2.367    -2.368    -2.452    -2.528    -2.602
    -2.708    -2.812    -2.909    -3.076    -3.262    -3.411    -3.516    -3.593
    -3.630    -3.468    -3.184    -2.873    -2.548    -2.248    -2.060    -1.940
    -1.811    -1.678    -1.648    -1.747    -1.838    -1.846    -1.842    -1.861
    -1.906    -1.952    -1.967    -1.948    -1.916    -1.866    -1.731    -1.495
    -1.203    -1.009    -0.948    -0.921    -0.700    -0.418    -0.452    -0.512
     0.025     0.711     1.064     1.337     0.985     0.483     0.789     0.986
     0.743     0.676     1.088     1.230     1.533     1.748     1.817     1.774
     1.552     1.472     1.678     1.842     1.461     1.221     1.298     1.361
     1.352     1.401     1.455     1.415     1.193     0.862     0.727     0.829
     0.793     0.465     0.374     0.513     0.579     0.790     1.086     1.379
     1.600     1.678     1.547     1.295     1.082     0.880     0.881     1.150
     1.496     1.787     2.101     2.346     2.397     2.409     2.364     2.173
     1.931     1.826     1.739     1.544     1.316     1.097     0.734     0.201
    -0.337    -0.725    -0.923    -1.086    -1.304    -1.591    -1.869    -2.010
538 POINTS OF DISPL DATA EQUALLY SPACED AT 0.10 SEC. (UNITS: CM)                         
     2.159     1.648     1.025     0.276    -0.604    -1.594    -2.630    -3.888
    -5.293    -6.502    -7.335    -7.721    -7.637    -7.901    -8.034    -7.089
    -5.135    -2.963    -2.554    -3.742    -5.289    -5.271    -2.552    -0.411
     1.428     3.513     4.563     4.307     3.293     1.960     0.170    -1.492
    -2.779    -3.340    -3.210    -3.493    -4.621    -6.167    -7.657    -8.979
    -9.508    -9.516    -9.304    -7.931    -5.149    -2.915    -2.298    -1.580
    -0.298     2.159     3.936     4.293     3.733     2.289     0.052    -2.064
    -3.785    -4.336    -4.228    -4.064    -3.950    -3.705    -3.461    -3.015
    -2.548    -2.097    -1.858    -1.684    -1.573    -1.209    -0.710    -0.379
    -0.001     0.326     0.691     1.256     1.973     2.944     4.407     5.970
     7.180     8.128     8.730     9.081     9.594    10.390    10.860    10.253
     9.292     8.374     8.192     7.883     7.049     6.841     6.764     6.006
     5.715     5.613     5.469     5.651     6.127     6.577     6.985     7.301
     8.143     8.597     8.961     9.314     9.173     8.814     8.406     8.246
     7.983     7.538     6.602     5.003     2.808     0.830    -0.152     0.322
     0.958     0.625    -0.577    -2.484    -4.217    -5.530    -6.508    -7.353
    -8.249    -9.098    -9.553    -9.592    -9.021    -8.610    -8.307    -8.053
    -8.071    -8.304    -8.492    -8.423    -8.891    -9.375   -10.174   -10.262
    -9.903    -9.370    -8.902    -8.828    -8.817    -8.854    -8.877    -8.727
    -8.328    -8.005    -7.865    -7.664    -7.026    -6.112    -5.480    -5.074
    -4.741    -4.499    -3.942    -3.655    -3.196    -2.541    -2.015    -1.629
    -1.456    -1.299    -0.542     0.356     1.263     1.784     2.025     1.913
     1.396     0.877     0.949     1.094     1.340     1.621     1.877     2.015
     2.158     2.480     3.143     3.865     4.238     4.556     4.673     4.802
     5.076     5.098     5.195     5.298     5.495     5.727     5.580     5.094
     4.540     4.329     4.621     4.660     4.696     4.948     5.167     5.738
     5.869     5.745     5.999     6.287     6.885     7.495     7.705     7.717
     7.668     7.326     6.521     5.667     5.264     4.868     4.446     4.261
     4.138     4.046     3.764     3.256     3.099     3.112     2.878     2.346
     1.773     1.314     0.718    -0.033    -0.725    -1.390    -2.040    -2.459
    -3.020    -3.587    -4.551    -5.008    -5.711    -6.674    -7.354    -7.508
    -7.349    -7.528    -8.316    -8.971    -9.240    -9.389    -9.953   -10.416
   -10.274    -9.318    -8.551    -7.844    -7.025    -5.677    -3.597    -2.037
    -1.401    -1.078    -0.779    -0.454     0.247     1.128     1.940     2.904
     3.783     4.498     5.003     5.172     5.239     5.101     4.629     4.254
     3.973     3.599     3.430     3.213     3.074     2.995     2.835     2.547
     2.084     1.896     1.850     1.710     1.359     0.876     0.563     0.381
     0.206     0.020    -0.292    -0.563    -0.685    -0.712    -0.881    -1.409
    -1.885    -2.118    -2.397    -2.885    -3.434    -3.905    -4.143    -4.156
    -4.115    -4.249    -4.470    -4.738    -4.798    -4.741    -4.767    -4.810
    -4.769    -4.520    -4.151    -3.812    -3.371    -2.934    -2.534    -2.140
    -1.687    -1.160    -0.672    -0.149     0.368     0.867     1.381     1.893
     2.301     2.653     3.054     3.447     3.753     3.952     4.024     4.065
     4.240     4.418     4.418     4.264     4.201     4.346     4.450     4.341
     4.206     4.173     4.186     4.074     3.897     3.691     3.504     3.350
     3.119     2.865     2.652     2.512     2.458     2.483     2.602     2.709
     2.657     2.338     1.792     1.136     0.445    -0.207    -0.811    -1.285
    -1.616    -1.904    -2.114    -2.196    -2.171    -2.127    -2.037    -1.901
    -1.802    -1.673    -1.438    -1.086    -0.782    -0.643    -0.640    -0.717
    -0.804    -0.866    -0.916    -0.956    -0.930    -0.787    -0.639    -0.558
    -0.464    -0.348    -0.227    -0.079     0.076     0.150     0.159     0.147
     0.131     0.032    -0.239    -0.676    -1.108    -1.463    -1.824    -2.161
    -2.433    -2.634    -2.770    -2.789    -2.710    -2.600    -2.461    -2.244
    -1.969    -1.721    -1.562    -1.468    -1.379    -1.261    -1.151    -1.105
    -1.079    -1.000    -0.907    -0.840    -0.777    -0.716    -0.668    -0.647
    -0.682    -0.775    -0.858    -0.902    -0.891    -0.790    -0.601    -0.343
    -0.050     0.263     0.574     0.848     1.030     1.101     1.110     1.075
     1.037     1.051     1.137     1.253     1.364     1.413     1.368     1.256
     1.159     1.112     1.035     0.907     0.765     0.655     0.630     0.707
     0.861     1.055     1.263     1.481     1.672     1.832     2.023     2.294
     2.575     2.792     2.914     2.940     2.874     2.730     2.522     2.272
     2.022     1.771     1.529     1.294     1.059     0.803     0.520     0.197
    -0.154    -0.488    -0.746    -0.946    -1.115    -1.290    -1.472    -1.662
    -1.856    -2.037    -2.166    -2.260    -2.314    -2.344    -2.249    -2.165
    -2.081    -2.001    -1.859    -1.685    -1.535    -1.374    -1.250    -1.118
    -0.984    -0.904    -0.835    -0.798    -0.730    -0.595    -0.447    -0.351
    -0.249    -0.071     0.158     0.379     0.556     0.696     0.766     0.716
     0.602     0.427                                                            
End of File.
